Query		 Length_Query		 Target		 Length_Target		 dG		 ndG		 Start_Position_Query		 End_Position_Query		 Start_Position_Target		 End_Position_Target
ENSMUST00000190485	 5226	ENSMUST00000159728	 517	-38.61	 -0.1075	1	404	114	517
ENSMUST00000190485	 5226	ENSMUST00000087562	 326	-94.23	 -0.3050	2479	2804	1	326
ENSMUST00000190485	 5226	ENSMUST00000161674	 211	-18.89	 -0.1235	70	280	1	211
ENSMUST00000190485	 5226	ENSMUST00000141333	 1222	-57.69	 -0.1145	1	521	702	1222
ENSMUST00000245729	 698	ENSMUST00000190652	 478	-28.57	 -0.1006	1	291	188	478
ENSMUST00000245729	 698	ENSMUST00000177300	 461	-30.96	 -0.1022	1	380	82	461
ENSMUST00000245729	 698	ENSMUST00000201090	 410	-23.72	 -0.1014	1	261	150	410
ENSMUST00000245729	 698	ENSMUST00000032157	 7658	-45.76	 -0.1453	1	344	7315	7658
ENSMUST00000245729	 698	ENSMUST00000141333	 1222	-45.76	 -0.1453	1	323	900	1222
ENSMUST00000245448	 561	ENSMUST00000206240	 380	-22.41	 -0.1009	1	234	147	380
ENSMUST00000246704	 970	ENSMUST00000177300	 461	-30.96	 -0.1022	1	380	82	461
ENSMUST00000246704	 970	ENSMUST00000201090	 410	-23.72	 -0.1014	1	261	150	410
ENSMUST00000181073	 1081	ENSMUST00000159728	 517	-54.37	 -0.1288	1	435	83	517
ENSMUST00000181073	 1081	ENSMUST00000087562	 326	-83.25	 -0.2952	626	951	1	326
ENSMUST00000181073	 1081	ENSMUST00000039164	 2464	-53.79	 -0.1266	1	464	2001	2464
ENSMUST00000181073	 1081	ENSMUST00000032157	 7658	-64.77	 -0.1568	1	441	7218	7658
ENSMUST00000181073	 1081	ENSMUST00000141333	 1222	-62.67	 -0.1579	1	420	803	1222
ENSMUST00000181073	 1081	ENSMUST00000206240	 380	-51.05	 -0.1510	90	469	1	380
ENSMUST00000181073	 1081	ENSMUST00000213061	 3397	-64.89	 -0.1298	1	515	2883	3397
ENSMUST00000180529	 1112	ENSMUST00000159728	 517	-51.41	 -0.1276	1	409	109	517
ENSMUST00000180529	 1112	ENSMUST00000087562	 326	-83.25	 -0.2952	693	1018	1	326
ENSMUST00000180529	 1112	ENSMUST00000032157	 7658	-63.73	 -0.1060	1	650	7009	7658
ENSMUST00000180529	 1112	ENSMUST00000141333	 1222	-64.49	 -0.1050	1	629	594	1222
ENSMUST00000180529	 1112	ENSMUST00000206240	 380	-51.05	 -0.1510	64	443	1	380
ENSMUST00000156293	 4753	ENSMUST00000087562	 326	-77.05	 -0.2551	865	1190	1	326
ENSMUST00000132056	 1331	ENSMUST00000087562	 326	-77.05	 -0.2551	974	1299	1	326
ENSMUST00000145570	 1136	ENSMUST00000087562	 326	-77.05	 -0.2551	779	1104	1	326
ENSMUST00000147508	 1409	ENSMUST00000087562	 326	-77.05	 -0.2551	1052	1377	1	326
ENSMUST00000181436	 3684	ENSMUST00000177300	 461	-46.12	 -0.1039	2106	2566	1	461
ENSMUST00000181436	 3684	ENSMUST00000161674	 211	-18.38	 -0.1044	2982	3192	1	211
ENSMUST00000181436	 3684	ENSMUST00000206240	 380	-42.53	 -0.1229	1985	2364	1	380
ENSMUST00000224929	 408	ENSMUST00000229263	 902	-33.62	 -0.1431	1	250	653	902
ENSMUST00000224929	 408	ENSMUST00000231158	 555	-33.62	 -0.1521	1	249	307	555
ENSMUST00000224929	 408	ENSMUST00000035444	 4159	-35.36	 -0.1034	1	408	2304	2711
ENSMUST00000224929	 408	ENSMUST00000163785	 6271	-35.36	 -0.1034	1	408	4324	4731
ENSMUST00000224929	 408	ENSMUST00000001867	 4191	-38.94	 -0.1070	1	408	2493	2900
ENSMUST00000224929	 408	ENSMUST00000084263	 3096	-37.96	 -0.1010	1	408	2235	2642
ENSMUST00000224929	 408	ENSMUST00000189910	 2235	-42.27	 -0.1073	1	408	1439	1846
ENSMUST00000224929	 408	ENSMUST00000185370	 3632	-40.46	 -0.1004	1	408	1170	1577
ENSMUST00000224929	 408	ENSMUST00000108353	 2409	-32.34	 -0.1135	1	353	2057	2409
ENSMUST00000224929	 408	ENSMUST00000206240	 380	-26.93	 -0.1132	162	408	1	247
ENSMUST00000224929	 408	ENSMUST00000093113	 5642	-36.21	 -0.1087	70	408	1	339
ENSMUST00000137629	 2119	ENSMUST00000201090	 410	-36.52	 -0.1032	542	951	1	410
ENSMUST00000181193	 2249	ENSMUST00000087562	 326	-68.71	 -0.2329	905	1230	1	326
ENSMUST00000181682	 2093	ENSMUST00000177300	 461	-35.71	 -0.1379	1	295	167	461
ENSMUST00000181682	 2093	ENSMUST00000087562	 326	-45.26	 -0.2777	1903	2093	1	191
ENSMUST00000181682	 2093	ENSMUST00000206240	 380	-40.04	 -0.1259	1	332	49	380
ENSMUST00000181682	 2093	ENSMUST00000151115	 460	-43.12	 -0.1027	1	423	38	460
ENSMUST00000181107	 3978	ENSMUST00000190652	 478	-47.69	 -0.1019	2825	3302	1	478
ENSMUST00000181107	 3978	ENSMUST00000177300	 461	-34.11	 -0.1322	1	293	169	461
ENSMUST00000181107	 3978	ENSMUST00000206240	 380	-35.75	 -0.1087	1	330	51	380
ENSMUST00000181107	 3978	ENSMUST00000151115	 460	-37.49	 -0.1293	1	292	169	460
ENSMUST00000215759	 1606	ENSMUST00000206240	 380	-36.34	 -0.1321	1	329	52	380
ENSMUST00000215759	 1606	ENSMUST00000151115	 460	-38.18	 -0.1430	1	291	170	460
ENSMUST00000181719	 2867	ENSMUST00000087562	 326	-39.24	 -0.1308	2046	2371	1	326
ENSMUST00000181719	 2867	ENSMUST00000206240	 380	-37.37	 -0.1311	1	329	52	380
ENSMUST00000181719	 2867	ENSMUST00000151115	 460	-38.18	 -0.1430	1	291	170	460
